Lösung mit ASTARSEARCH:

 8  3  5 
 4  1  6 
 2  7  0 

 8  3  5 
 4  1  0 
 2  7  6 

 8  3  0 
 4  1  5 
 2  7  6 

 8  0  3 
 4  1  5 
 2  7  6 

 8  1  3 
 4  0  5 
 2  7  6 

 8  1  3 
 0  4  5 
 2  7  6 

 8  1  3 
 2  4  5 
 0  7  6 

 8  1  3 
 2  4  5 
 7  0  6 

 8  1  3 
 2  4  5 
 7  6  0 

 8  1  3 
 2  4  0 
 7  6  5 

 8  1  3 
 2  0  4 
 7  6  5 

 8  1  3 
 0  2  4 
 7  6  5 

 0  1  3 
 8  2  4 
 7  6  5 

 1  0  3 
 8  2  4 
 7  6  5 

 1  2  3 
 8  0  4 
 7  6  5 

15 Schritt(e)
